-1071102561
-1067482080
-1065054010
-1060218013
-1057459870
-1056865620
-1049723368
-1049713385
-1046228848
-1040484312
-1039755576
-1038220235
-1031515663
-1031394374
-1030891938
-1029312130
-1026113008
-1025743709
-1024019427
-1023927557
-1023173897
-1023103261
-1020129556
-1018423834
-1015926886
-1015494862
-1014595912
-1003985391
-1003588889
-1003548180
-1002072835
-1001352846
-998105271
-989895278
-988746231
-986139624
-985956510
-982889494
-982421839
-982258678
-981093588
-977075069
-975533935
-967148074
-965123502
-964921283
-964734284
-964706590
-961759037
-961571969
-960878590
-959980287
-959553129
-957143190
-953681614
-952024435
-951850886
-949370931
-943941499
-940938479
-938890946
-937880946
-931091790
-928442809
-926229497
-924494864
-923533683
-921426331
-917367138
-911960933
-911012077
-909892245
-908091386
-906130974
-900802295
-899780306
-897935393
-891438223
-885785476
-880617791
-878268293
-876905169
-872185140
-871035114
-869816253
-867304601
-866060971
-865290578
-865257918
-859968404
-854537018
-853207088
-852417599
-850882282
-850051936
-847361221
-842414826
-840991640
-839480379
-838057761
-837115491
-834727121
-830364237
-829501829
-828293359
-827928747
-825660282
-823205968
-821073022
-815093456
-812133973
-811954231
-811873898
-809512341
-802972171
-798908428
-797437441
-796034953
-794533878
-792187532
-788093945
-786809755
-785317371
-784964377
-782189494
-778164168
-777919093
-776436257
-776196822
-773937072
-772736614
-771078919
-769696804
-767994763
-763371157
-759936240
-758479438
-757541887
-756555902
-750562045
-749183963
-748561379
-744381073
-744230974
-743737910
-741748123
-734945316
-734179899
-733537163
-728527812
-728365895
-723984484
-723235480
-718035820
-717235433
-716146285
-713826077
-704270041
-702170304
-699945616
-699027554
-694440386
-693978120
-693740437
-693563504
-685236221
-684533814
-678491752
-678222220
-674345934
-673190914
-671115605
-670187535
-670038846
-667174798
-664766503
-663913114
-662677318
-658864202
-655607993
-654321728
-648989046
-645312289
-642133819
-638132214
-635998498
-635977957
-635257586
-632028229
-627868380
-627778138
-627218195
-623272815
-621232340
-617223469
-612926028
-611781955
-610523255
-610219308
-609804971
-609672582
-609374423
-608669953
-606544792
-606378917
-601461831
-601126091
-597827562
-595955863
-594044291
-590618541
-587136033
-583250945
-580317303
-578912893
-575073441
-574327683
-572890360
-570024709
-569928109
-569285525
-565925440
-565261638
-565067201
-558319479
-554877643
-553109083
-552086703
-550478922
-549859820
-548146562
-547815227
-547777628
-546581137
-545523826
-545245441
-541915546
-541550799
-540875568
-540059384
-538793343
-535273329
-533322344
-531994666
-531190660
-527079113
-525254253
-523899282
-523303612
-520851553
-518619474
-517281916
-516083952
-514319011
-509506578
-501668313
-498537097
-497367729
-496779854
-494541426
-493884495
-490510725
-490098800
-488401540
-487544740
-485378633
-484325865
-484284317
-482457856
-478910730
-478263362
-473023002
-472292905
-471703958
-470465512
-467943955
-464545209
-461735926
-460382012
-457711535
-457673304
-456292855
-449902898
-447094356
-444382115
-438132552
-437982288
-435902704
-435297552
-434059471
-428856012
-427183596
-425957206
-424486254
-422935428
-421554478
-418955929
-418787388
-418778558
-414678325
-412389227
-412377872
-405857259
-403208620
-401309138
-395430131
-391679787
-390798637
-389238200
-388833342
-386607608
-386160634
-385681018
-383792879
-383492746
-383340211
-382683452
-382445296
-381969388
-379243378
-377381742
-377116133
-373591172
-365651178
-364330734
-363585715
-360230966
-359612629
-358857834
-358149994
-355069956
-353770107
-353540294
-351286501
-349122588
-348403585
-348288576
-348141695
-347085315
-342836473
-339558380
-339244794
-336774512
-334950403
-333751453
-333323432
-332328602
-326156044
-324111753
-315370666
-311202689
-307678524
-304715080
-304176257
-300602897
-297655915
-296273955
-296184008
-296128506
-294205871
-291900024
-288775890
-287025347
-285531410
-283965713
-283507899
-283340947
-282607002
-279883536
-278346224
-278338975
-277333749
-275312949
-271315470
-270222558
-268716301
-268631702
-266706001
-265916292
-265863904
-265621586
-265488398
-262670159
-262317199
-255300026
-249391024
-245602282
-245441807
-244662227
-240629622
-239147601
-238871236
-236998698
-235877427
-233723342
-233592888
-233189173
-230533955
-229403890
-228595715
-228428535
-227366790
-225520869
-225504969
-225017565
-224777770
-223734243
-222143447
-219010130
-214782575
-214500028
-213799182
-211335968
-206665668
-205976796
-200394735
-199747305
-198170793
-194664536
-194202783
-192979451
-192378638
-187352168
-181104758
-180955491
-179956355
-176975178
-174514027
-174443266
-173245496
-169964455
-166999142
-163394763
-163001947
-160242903
-158855523
-155798159
-153986793
-149367320
-145064924
-142080112
-140407251
-139819077
-135845087
-134125636
-133099209
-133071213
-129868218
-127907675
-126413991
-122600582
-122253658
-120877351
-119390817
-117245550
-115662007
-109948139
-106495515
-104776773
-102290605
-98359611
-97048756
-96622429
-95881388
-95082113
-90418223
-88950543
-88643636
-88066571
-87120239
-84802955
-75359528
-75157253
-74266032
-72929883
-71920116
-71434450
-71229548
-62897876
-61690889
-56110570
-54361830
-54101238
-53314475
-53058984
-52286746
-52130711
-48607705
-47871835
-45268452
-43974556
-43534573
-43196909
-37953244
-35036797
-34045477
-33169486
-31077769
-30777035
-29651415
-28509953
-22875956
-19507764
-16362039
-15401646
-12585899
-9343347
-8990854
-4548043
-2258153
829413
2982940
7458355
9911631
13618486
17436224
17440871
17578254
18958610
29866853
30128981
32410860
33843998
43603566
45312988
47825784
49549050
51855775
63165901
63383643
65635350
71076106
72238074
73514912
73650793
73948518
75620147
76140750
76986127
89029689
89979321
90041973
93775572
98393309
99142447
100131328
101929513
104142401
104267584
104949932
105598892
106363327
106677791
108699856
111151525
112028951
115807197
116537720
118190377
118436340
121703397
124218738
128829773
130689827
131985227
133273288
134395921
135083263
135194842
148877128
152896578
161427485
163953954
177494005
178592419
181421025
182245891
182738036
183909491
188561639
188578207
190442608
191408802
192808777
196208411
197255315
202843015
205319756
206131820
206175703
206470732
206867220
208170084
209413172
212445740
214916237
214929441
224542060
224781422
230235651
230445445
230983536
231124519
232602823
238317961
239975009
241145881
244973344
246628488
248851586
249581011
249764025
251235805
252696273
257907326
258022694
261586345
267244833
267546850
271847161
272602163
277755946
278479295
278568904
278832577
279963880
280273356
282368705
282870615
283539438
287055287
287705727
288151021
290725637
292343861
292445639
299042320
312340202
312578698
317161718
318667502
319201425
321245094
324947139
326811772
330514135
332399443
333377167
335250895
335644196
335648808
338240189
338545012
339941914
344439885
347128701
349718648
352439190
352932491
353257599
357082937
357794543
360554873
362203445
363834533
364986811
367906890
368205504
370257298
370397990
377809932
378049379
378540542
380279233
380857266
390139279
390369027
392190831
393040192
396611267
396753738
400737104
401025658
402855946
403849880
405954732
406549955
409372149
411313042
414645350
415817774
417738745
426281353
429977178
431634698
431713599
435128057
437632450
440250385
442371455
442664209
444251826
446376046
447060847
449305207
452148021
455966159
456323042
457945089
458101158
458724511
461750239
463864638
464239927
464456310
465562585
466028787
468383585
468621224
469959921
471666176
472145442
473125959
478427497
478825217
479825960
481257744
486470925
490284980
491438118
494566488
495952854
497657937
499004533
501002877
507526904
507726180
521040313
524244631
524278653
526276379
526277754
526841366
529767098
531948208
534025082
534374827
535936088
536902682
537003536
538487161
540847032
541071789
547125072
547170654
548132458
549054714
555725069
557802346
559267222
560355191
562385500
563711022
565138397
569362118
571886617
572619778
574078985
574298474
576012427
578452880
582699681
583890818
584325919
586575465
587209536
588840843
594116907
594911289
595513605
600192266
602636096
603021716
606400043
614218909
615222915
616345792
618209763
618440646
618538568
620955847
622916119
624727887
624821762
626174858
627997710
629390851
630028233
630418241
632432777
640979051
643045693
643913462
644912802
645056216
650218116
652567577
656275453
657288877
657656012
658496586
667124484
670167404
671813916
672468804
676186180
677350079
683976245
685178235
689527785
689868832
693242370
697344418
698963063
702571766
704686692
705784436
705808827
708585600
709473391
710307965
711299659
712121321
712940297
713290416
719468469
720694541
722920403
723193342
730411984
735520517
736658749
741262517
742337384
744726232
746598276
747665786
752654103
755073222
755603347
762854569
763380354
763659835
763984368
764111042
769305191
772813597
773062829
778730669
781435585
783414733
785143611
785550970
788070110
789594887
794783226
801298295
803492971
807017947
810091044
810472325
811727101
812481767
813699265
814169242
815712222
817965184
820496546
823279098
824116382
824490705
826546390
826735975
827920820
830236811
832304498
834510802
835157818
836833179
841109873
842727636
845632938
846288236
848595009
850115146
853006485
856620835
860293575
862343974
863286140
867719297
870675973
871733535
872779757
872892145
875027941
875309932
877132595
878561756
879299932
880297346
881508137
885387927
885843442
887351394
894893909
900492270
904488446
908061160
908345307
912041189
913862804
915815227
917795581
918174372
921999263
924346066
926363739
926940842
927355099
927911967
928096181
928166768
933016029
936959680
939406719
939557682
941614749
943680709
945147685
947442053
948282893
952837667
953139400
953776895
956785159
961725532
961759503
962089457
963445389
967730593
968958433
969386744
972691513
973002112
975974410
979759106
980914029
984227174
984295188
988392423
989169921
990250842
993107630
994115882
994726460
996190416
996234592
996393707
996577730
997832771
1002390733
1005165793
1005657264
1005678027
1006139451
1007054652
1009140400
1010594485
1010681294
1012419652
1018808582
1019472634
1019773529
1026633375
1029462015
1031389840
1035783777
1038468603
1042367414
1042592145
1043119986
1048146584
1051537245
1057135748
1059232114
1059310590
1062929888
1065933340
1068707067
